1 [ 0, 1 ) --> 1 [ 2, 3 ) --> 1 [ 5, 6 ) --> 1 [ 7, 8 ) --> 1 [ 10, 11 ) --> 1 [ 12, 13 ) --> 1 [ 18, 19 ) --> NULL
  0  1  2  3  4  5  6  7  8  9 10 11 12 13 14 15 16 17 18 19
  1  0  1  0  0  1  0  1  0  0  1  0  1  0  0  0  0  0  1  0
write 2 to position 2
1 [ 0, 1 ) --> 2 [ 2, 3 ) --> 1 [ 5, 6 ) --> 1 [ 7, 8 ) --> 1 [ 10, 11 ) --> 1 [ 12, 13 ) --> 1 [ 18, 19 ) --> NULL
  0  1  2  3  4  5  6  7  8  9 10 11 12 13 14 15 16 17 18 19
  1  0  2  0  0  1  0  1  0  0  1  0  1  0  0  0  0  0  1  0
write 12 to position 12
1 [ 0, 1 ) --> 2 [ 2, 3 ) --> 1 [ 5, 6 ) --> 1 [ 7, 8 ) --> 1 [ 10, 11 ) --> 12 [ 12, 13 ) --> 1 [ 18, 19 ) --> NULL
  0  1  2  3  4  5  6  7  8  9 10 11 12 13 14 15 16 17 18 19
  1  0  2  0  0  1  0  1  0  0  1  0 12  0  0  0  0  0  1  0
write 7 to position 7
1 [ 0, 1 ) --> 2 [ 2, 3 ) --> 1 [ 5, 6 ) --> 7 [ 7, 8 ) --> 1 [ 10, 11 ) --> 12 [ 12, 13 ) --> 1 [ 18, 19 ) --> NULL
  0  1  2  3  4  5  6  7  8  9 10 11 12 13 14 15 16 17 18 19
  1  0  2  0  0  1  0  7  0  0  1  0 12  0  0  0  0  0  1  0
write 18 to position 18
1 [ 0, 1 ) --> 2 [ 2, 3 ) --> 1 [ 5, 6 ) --> 7 [ 7, 8 ) --> 1 [ 10, 11 ) --> 12 [ 12, 13 ) --> 18 [ 18, 19 ) --> NULL
  0  1  2  3  4  5  6  7  8  9 10 11 12 13 14 15 16 17 18 19
  1  0  2  0  0  1  0  7  0  0  1  0 12  0  0  0  0  0 18  0
write -1 to position 0
-1 [ 0, 1 ) --> 2 [ 2, 3 ) --> 1 [ 5, 6 ) --> 7 [ 7, 8 ) --> 1 [ 10, 11 ) --> 12 [ 12, 13 ) --> 18 [ 18, 19 ) --> NULL
  0  1  2  3  4  5  6  7  8  9 10 11 12 13 14 15 16 17 18 19
 -1  0  2  0  0  1  0  7  0  0  1  0 12  0  0  0  0  0 18  0
