1 [ 0, 1 ) --> 1 [ 2, 3 ) --> 1 [ 5, 6 ) --> 1 [ 7, 8 ) --> 1 [ 10, 11 ) --> 1 [ 12, 13 ) --> 1 [ 18, 19 ) --> NULL
  0  1  2  3  4  5  6  7  8  9 10 11 12 13 14 15 16 17 18 19
  1  0  1  0  0  1  0  1  0  0  1  0  1  0  0  0  0  0  1  0
1 [ 0, 1 ) --> 1 [ 2, 3 ) --> 1 [ 5, 6 ) --> 1 [ 7, 8 ) --> 1 [ 10, 11 ) --> 1 [ 12, 13 ) --> 1 [ 18, 19 ) --> NULL
  0  1  2  3  4  5  6  7  8  9 10 11 12 13 14 15 16 17 18 19
  1  0  1  0  0  1  0  1  0  0  1  0  1  0  0  0  0  0  1  0
2 [ 0, 1 ) --> 1 [ 2, 3 ) --> 2 [ 7, 8 ) --> 1 [ 10, 11 ) --> 2 [ 18, 19 ) --> NULL
  0  1  2  3  4  5  6  7  8  9 10 11 12 13 14 15 16 17 18 19
  2  0  1  0  0  0  0  2  0  0  1  0  0  0  0  0  0  0  2  0
1 [ 0, 1 ) --> 1 [ 2, 3 ) --> 1 [ 5, 6 ) --> 1 [ 7, 8 ) --> 1 [ 10, 11 ) --> 1 [ 12, 13 ) --> 1 [ 18, 19 ) --> NULL
  0  1  2  3  4  5  6  7  8  9 10 11 12 13 14 15 16 17 18 19
  1  0  1  0  0  1  0  1  0  0  1  0  1  0  0  0  0  0  1  0
2 [ 0, 1 ) --> 1 [ 2, 3 ) --> 2 [ 7, 8 ) --> 1 [ 10, 11 ) --> 2 [ 18, 19 ) --> NULL
  0  1  2  3  4  5  6  7  8  9 10 11 12 13 14 15 16 17 18 19
  2  0  1  0  0  0  0  2  0  0  1  0  0  0  0  0  0  0  2  0
1 [ 0, 1 ) --> 4 [ 2, 3 ) --> 6 [ 5, 6 ) --> 3 [ 6, 7 ) --> 1 [ 7, 8 ) --> 1 [ 10, 11 ) --> 5 [ 12, 13 ) --> 1 [ 18, 19 ) --> NULL
  0  1  2  3  4  5  6  7  8  9 10 11 12 13 14 15 16 17 18 19
  1  0  4  0  0  6  3  1  0  0  1  0  5  0  0  0  0  0  1  0
