1 [ 0, 1 ) --> 1 [ 2, 3 ) --> 1 [ 5, 6 ) --> 1 [ 7, 8 ) --> 1 [ 10, 11 ) --> 1 [ 12, 13 ) --> 1 [ 18, 19 ) --> NULL
  0  1  2  3  4  5  6  7  8  9 10 11 12 13 14 15 16 17 18 19
  1  0  1  0  0  1  0  1  0  0  1  0  1  0  0  0  0  0  1  0
2 [ 2, 4 ) --> 2 [ 8, 9 ) --> 2 [ 12, 13 ) --> 2 [ 17, 18 ) --> NULL
  0  1  2  3  4  5  6  7  8  9 10 11 12 13 14 15 16 17 18 19
  0  0  2  2  0  0  0  0  2  0  0  0  2  0  0  0  0  2  0  0
---------------
3 [ 0, 1 ) --> 2 [ 2, 4 ) --> 3 [ 7, 8 ) --> 2 [ 8, 9 ) --> 3 [ 12, 13 ) --> 2 [ 17, 18 ) --> 3 [ 18, 19 ) --> NULL
  0  1  2  3  4  5  6  7  8  9 10 11 12 13 14 15 16 17 18 19
  3  0  2  2  0  0  0  3  2  0  0  0  3  0  0  0  0  2  3  0
2 [ 2, 4 ) --> 2 [ 8, 9 ) --> 2 [ 12, 13 ) --> 2 [ 17, 18 ) --> NULL
  0  1  2  3  4  5  6  7  8  9 10 11 12 13 14 15 16 17 18 19
  0  0  2  2  0  0  0  0  2  0  0  0  2  0  0  0  0  2  0  0
3 [ 0, 1 ) --> 2 [ 2, 4 ) --> 3 [ 7, 8 ) --> 2 [ 8, 9 ) --> 3 [ 12, 13 ) --> 2 [ 17, 18 ) --> 3 [ 18, 19 ) --> NULL
  0  1  2  3  4  5  6  7  8  9 10 11 12 13 14 15 16 17 18 19
  3  0  2  2  0  0  0  3  2  0  0  0  3  0  0  0  0  2  3  0
4 [ 2, 3 ) --> 2 [ 3, 4 ) --> 4 [ 5, 6 ) --> 5 [ 6, 7 ) --> 2 [ 8, 9 ) --> 4 [ 12, 13 ) --> 2 [ 17, 18 ) --> NULL
  0  1  2  3  4  5  6  7  8  9 10 11 12 13 14 15 16 17 18 19
  0  0  4  2  0  4  5  0  2  0  0  0  4  0  0  0  0  2  0  0
