1 1 
2 1 1 2 
3 2 1 1 2 3 
4 3 2 1 1 2 3 4 
5 4 3 2 1 1 2 3 4 5 
6 5 4 3 2 1 1 2 3 4 5 6 
7 6 5 4 3 2 1 1 2 3 4 5 6 7 
8 7 6 5 4 3 2 1 1 2 3 4 5 6 7 8 
9 8 7 6 5 4 3 2 1 1 2 3 4 5 6 7 8 9 
10 9 8 7 6 5 4 3 2 1 1 2 3 4 5 6 7 8 9 10 
--------------------
10 9 8 7 6 5 4 3 2 1 1 2 3 4 5 6 7 8 9 
10 9 8 7 6 5 4 3 2 1 1 2 3 4 5 6 7 8 
10 9 8 7 6 5 4 3 2 1 1 2 3 4 5 6 7 
10 9 8 7 6 5 4 3 2 1 1 2 3 4 5 6 
10 9 8 7 6 5 4 3 2 1 1 2 3 4 5 
10 9 8 7 6 5 4 3 2 1 1 2 3 4 
10 9 8 7 6 5 4 3 2 1 1 2 3 
10 9 8 7 6 5 4 3 2 1 1 2 
10 9 8 7 6 5 4 3 2 1 1 
10 9 8 7 6 5 4 3 2 1 
10 9 8 7 6 5 4 3 2 
10 9 8 7 6 5 4 3 
10 9 8 7 6 5 4 
10 9 8 7 6 5 
10 9 8 7 6 
10 9 8 7 
10 9 8 
10 9 
10 

--------------------
1 1 
2 1 1 2 
3 2 1 1 2 3 
4 3 2 1 1 2 3 4 
5 4 3 2 1 1 2 3 4 5 
6 5 4 3 2 1 1 2 3 4 5 6 
7 6 5 4 3 2 1 1 2 3 4 5 6 7 
8 7 6 5 4 3 2 1 1 2 3 4 5 6 7 8 
9 8 7 6 5 4 3 2 1 1 2 3 4 5 6 7 8 9 
10 9 8 7 6 5 4 3 2 1 1 2 3 4 5 6 7 8 9 10 
--------------------
9 8 7 6 5 4 3 2 1 1 2 3 4 5 6 7 8 9 10 
8 7 6 5 4 3 2 1 1 2 3 4 5 6 7 8 9 10 
7 6 5 4 3 2 1 1 2 3 4 5 6 7 8 9 10 
6 5 4 3 2 1 1 2 3 4 5 6 7 8 9 10 
5 4 3 2 1 1 2 3 4 5 6 7 8 9 10 
4 3 2 1 1 2 3 4 5 6 7 8 9 10 
3 2 1 1 2 3 4 5 6 7 8 9 10 
2 1 1 2 3 4 5 6 7 8 9 10 
1 1 2 3 4 5 6 7 8 9 10 
1 2 3 4 5 6 7 8 9 10 
2 3 4 5 6 7 8 9 10 
3 4 5 6 7 8 9 10 
4 5 6 7 8 9 10 
5 6 7 8 9 10 
6 7 8 9 10 
7 8 9 10 
8 9 10 
9 10 
10 

--------------------
