1 
2 1 
3 2 1 
4 3 2 1 
5 4 3 2 1 
6 5 4 3 2 1 
7 6 5 4 3 2 1 
8 7 6 5 4 3 2 1 
9 8 7 6 5 4 3 2 1 
10 9 8 7 6 5 4 3 2 1 
9 8 7 6 5 4 3 2 1 10 
--------------------
8 7 6 5 4 3 2 1 10 9 
--------------------
7 6 5 4 3 2 1 10 9 8 
--------------------
6 5 4 3 2 1 10 9 8 7 
--------------------
5 4 3 2 1 10 9 8 7 6 
--------------------
4 3 2 1 10 9 8 7 6 5 
--------------------
3 2 1 10 9 8 7 6 5 4 
--------------------
2 1 10 9 8 7 6 5 4 3 
--------------------
1 10 9 8 7 6 5 4 3 2 
--------------------
10 9 8 7 6 5 4 3 2 1 
--------------------
9 8 7 6 5 4 3 2 1 10 
--------------------
8 7 6 5 4 3 2 1 10 9 
--------------------
7 6 5 4 3 2 1 10 9 8 
--------------------
6 5 4 3 2 1 10 9 8 7 
--------------------
5 4 3 2 1 10 9 8 7 6 
--------------------
4 3 2 1 10 9 8 7 6 5 
--------------------
3 2 1 10 9 8 7 6 5 4 
--------------------
2 1 10 9 8 7 6 5 4 3 
--------------------
1 10 9 8 7 6 5 4 3 2 
--------------------
10 9 8 7 6 5 4 3 2 1 
--------------------
9 8 7 6 5 4 3 2 1 10 
--------------------
8 7 6 5 4 3 2 1 10 9 
--------------------
7 6 5 4 3 2 1 10 9 8 
--------------------
6 5 4 3 2 1 10 9 8 7 
--------------------
5 4 3 2 1 10 9 8 7 6 
--------------------
4 3 2 1 10 9 8 7 6 5 
--------------------
3 2 1 10 9 8 7 6 5 4 
--------------------
2 1 10 9 8 7 6 5 4 3 
--------------------
1 10 9 8 7 6 5 4 3 2 
--------------------
10 9 8 7 6 5 4 3 2 1 
--------------------
9 8 7 6 5 4 3 2 1 10 
--------------------
8 7 6 5 4 3 2 1 10 9 
--------------------
7 6 5 4 3 2 1 10 9 8 
--------------------
6 5 4 3 2 1 10 9 8 7 
--------------------
5 4 3 2 1 10 9 8 7 6 
--------------------
4 3 2 1 10 9 8 7 6 5 
--------------------
3 2 1 10 9 8 7 6 5 4 
--------------------
2 1 10 9 8 7 6 5 4 3 
--------------------
1 10 9 8 7 6 5 4 3 2 
--------------------
10 9 8 7 6 5 4 3 2 1 
--------------------
9 8 7 6 5 4 3 2 1 10 
--------------------
8 7 6 5 4 3 2 1 10 9 
--------------------
7 6 5 4 3 2 1 10 9 8 
--------------------
6 5 4 3 2 1 10 9 8 7 
--------------------
5 4 3 2 1 10 9 8 7 6 
--------------------
4 3 2 1 10 9 8 7 6 5 
--------------------
3 2 1 10 9 8 7 6 5 4 
--------------------
2 1 10 9 8 7 6 5 4 3 
--------------------
1 10 9 8 7 6 5 4 3 2 
--------------------
10 9 8 7 6 5 4 3 2 1 
--------------------
