insert 1 at position 10
1 [ 10, 11 ) --> NULL
  0  1  2  3  4  5  6  7  8  9 10 11 12 13 14 15 16 17 18 19
  0  0  0  0  0  0  0  0  0  0  1  0  0  0  0  0  0  0  0  0
insert 1 at position 2
1 [ 2, 3 ) --> 1 [ 10, 11 ) --> NULL
  0  1  2  3  4  5  6  7  8  9 10 11 12 13 14 15 16 17 18 19
  0  0  1  0  0  0  0  0  0  0  1  0  0  0  0  0  0  0  0  0
insert 1 at position 5
1 [ 2, 3 ) --> 1 [ 5, 6 ) --> 1 [ 10, 11 ) --> NULL
  0  1  2  3  4  5  6  7  8  9 10 11 12 13 14 15 16 17 18 19
  0  0  1  0  0  1  0  0  0  0  1  0  0  0  0  0  0  0  0  0
insert 1 at position 12
1 [ 2, 3 ) --> 1 [ 5, 6 ) --> 1 [ 10, 11 ) --> 1 [ 12, 13 ) --> NULL
  0  1  2  3  4  5  6  7  8  9 10 11 12 13 14 15 16 17 18 19
  0  0  1  0  0  1  0  0  0  0  1  0  1  0  0  0  0  0  0  0
insert 1 at position 0
1 [ 0, 1 ) --> 1 [ 2, 3 ) --> 1 [ 5, 6 ) --> 1 [ 10, 11 ) --> 1 [ 12, 13 ) --> NULL
  0  1  2  3  4  5  6  7  8  9 10 11 12 13 14 15 16 17 18 19
  1  0  1  0  0  1  0  0  0  0  1  0  1  0  0  0  0  0  0  0
insert 1 at position 7
1 [ 0, 1 ) --> 1 [ 2, 3 ) --> 1 [ 5, 6 ) --> 1 [ 7, 8 ) --> 1 [ 10, 11 ) --> 1 [ 12, 13 ) --> NULL
  0  1  2  3  4  5  6  7  8  9 10 11 12 13 14 15 16 17 18 19
  1  0  1  0  0  1  0  1  0  0  1  0  1  0  0  0  0  0  0  0
insert 1 at position 18
1 [ 0, 1 ) --> 1 [ 2, 3 ) --> 1 [ 5, 6 ) --> 1 [ 7, 8 ) --> 1 [ 10, 11 ) --> 1 [ 12, 13 ) --> 1 [ 18, 19 ) --> NULL
  0  1  2  3  4  5  6  7  8  9 10 11 12 13 14 15 16 17 18 19
  1  0  1  0  0  1  0  1  0  0  1  0  1  0  0  0  0  0  1  0
