8 [ 3, 6 ) --> 9 [ 13, 16 ) --> NULL
  0  1  2  3  4  5  6  7  8  9 10 11 12 13 14 15 16 17 18 19
  0  0  0  8  8  8  0  0  0  0  0  0  0  9  9  9  0  0  0  0
insert 8 at position 6
8 [ 3, 7 ) --> 9 [ 13, 16 ) --> NULL
  0  1  2  3  4  5  6  7  8  9 10 11 12 13 14 15 16 17 18 19
  0  0  0  8  8  8  8  0  0  0  0  0  0  9  9  9  0  0  0  0
insert 9 at position 12
8 [ 3, 7 ) --> 9 [ 12, 16 ) --> NULL
  0  1  2  3  4  5  6  7  8  9 10 11 12 13 14 15 16 17 18 19
  0  0  0  8  8  8  8  0  0  0  0  0  9  9  9  9  0  0  0  0
insert 8 at position 2
8 [ 2, 7 ) --> 9 [ 12, 16 ) --> NULL
  0  1  2  3  4  5  6  7  8  9 10 11 12 13 14 15 16 17 18 19
  0  0  8  8  8  8  8  0  0  0  0  0  9  9  9  9  0  0  0  0
insert 9 at position 16
8 [ 2, 7 ) --> 9 [ 12, 17 ) --> NULL
  0  1  2  3  4  5  6  7  8  9 10 11 12 13 14 15 16 17 18 19
  0  0  8  8  8  8  8  0  0  0  0  0  9  9  9  9  9  0  0  0
