4 [ 3, 6 ) --> 4 [ 8, 12 ) --> NULL
  0  1  2  3  4  5  6  7  8  9 10 11 12 13 14 15 16 17 18 19
  0  0  0  4  4  4  0  0  4  4  4  4  0  0  0  0  0  0  0  0
insert 4 at position 7
4 [ 3, 6 ) --> 4 [ 7, 12 ) --> NULL
  0  1  2  3  4  5  6  7  8  9 10 11 12 13 14 15 16 17 18 19
  0  0  0  4  4  4  0  4  4  4  4  4  0  0  0  0  0  0  0  0
insert 4 at position 6
4 [ 3, 12 ) --> NULL
  0  1  2  3  4  5  6  7  8  9 10 11 12 13 14 15 16 17 18 19
  0  0  0  4  4  4  4  4  4  4  4  4  0  0  0  0  0  0  0  0
