4 [ 3, 8 ) --> 6 [ 10, 14 ) --> 8 [ 17, 20 ) --> NULL
  0  1  2  3  4  5  6  7  8  9 10 11 12 13 14 15 16 17 18 19
  0  0  0  4  4  4  4  4  0  0  6  6  6  6  0  0  0  8  8  8
insert 5 at position 6
4 [ 3, 6 ) --> 5 [ 6, 7 ) --> 4 [ 7, 8 ) --> 6 [ 10, 14 ) --> 8 [ 17, 20 ) --> NULL
  0  1  2  3  4  5  6  7  8  9 10 11 12 13 14 15 16 17 18 19
  0  0  0  4  4  4  5  4  0  0  6  6  6  6  0  0  0  8  8  8
insert 5 at position 12
4 [ 3, 6 ) --> 5 [ 6, 7 ) --> 4 [ 7, 8 ) --> 6 [ 10, 12 ) --> 5 [ 12, 13 ) --> 6 [ 13, 14 ) --> 8 [ 17, 20 ) --> NULL
  0  1  2  3  4  5  6  7  8  9 10 11 12 13 14 15 16 17 18 19
  0  0  0  4  4  4  5  4  0  0  6  6  5  6  0  0  0  8  8  8
insert 5 at position 18
4 [ 3, 6 ) --> 5 [ 6, 7 ) --> 4 [ 7, 8 ) --> 6 [ 10, 12 ) --> 5 [ 12, 13 ) --> 6 [ 13, 14 ) --> 8 [ 17, 18 ) --> 5 [ 18, 19 ) --> 8 [ 19, 20 ) --> NULL
  0  1  2  3  4  5  6  7  8  9 10 11 12 13 14 15 16 17 18 19
  0  0  0  4  4  4  5  4  0  0  6  6  5  6  0  0  0  8  5  8
