4 [ 3, 8 ) --> 6 [ 10, 14 ) --> 8 [ 17, 20 ) --> NULL
  0  1  2  3  4  5  6  7  8  9 10 11 12 13 14 15 16 17 18 19
  0  0  0  4  4  4  4  4  0  0  6  6  6  6  0  0  0  8  8  8
insert 5 at position 3
5 [ 3, 4 ) --> 4 [ 4, 8 ) --> 6 [ 10, 14 ) --> 8 [ 17, 20 ) --> NULL
  0  1  2  3  4  5  6  7  8  9 10 11 12 13 14 15 16 17 18 19
  0  0  0  5  4  4  4  4  0  0  6  6  6  6  0  0  0  8  8  8
insert 5 at position 10
5 [ 3, 4 ) --> 4 [ 4, 8 ) --> 5 [ 10, 11 ) --> 6 [ 11, 14 ) --> 8 [ 17, 20 ) --> NULL
  0  1  2  3  4  5  6  7  8  9 10 11 12 13 14 15 16 17 18 19
  0  0  0  5  4  4  4  4  0  0  5  6  6  6  0  0  0  8  8  8
insert 5 at position 17
5 [ 3, 4 ) --> 4 [ 4, 8 ) --> 5 [ 10, 11 ) --> 6 [ 11, 14 ) --> 5 [ 17, 18 ) --> 8 [ 18, 20 ) --> NULL
  0  1  2  3  4  5  6  7  8  9 10 11 12 13 14 15 16 17 18 19
  0  0  0  5  4  4  4  4  0  0  5  6  6  6  0  0  0  5  8  8
