1 [ 0, 1 ) --> 1 [ 2, 3 ) --> 1 [ 5, 6 ) --> 1 [ 7, 8 ) --> 1 [ 10, 11 ) --> 1 [ 12, 13 ) --> 1 [ 18, 19 ) --> NULL
  0  1  2  3  4  5  6  7  8  9 10 11 12 13 14 15 16 17 18 19
  1  0  1  0  0  1  0  1  0  0  1  0  1  0  0  0  0  0  1  0
delete position 10
1 [ 0, 1 ) --> 1 [ 2, 3 ) --> 1 [ 5, 6 ) --> 1 [ 7, 8 ) --> 1 [ 12, 13 ) --> 1 [ 18, 19 ) --> NULL
  0  1  2  3  4  5  6  7  8  9 10 11 12 13 14 15 16 17 18 19
  1  0  1  0  0  1  0  1  0  0  0  0  1  0  0  0  0  0  1  0
delete position 0
1 [ 2, 3 ) --> 1 [ 5, 6 ) --> 1 [ 7, 8 ) --> 1 [ 12, 13 ) --> 1 [ 18, 19 ) --> NULL
  0  1  2  3  4  5  6  7  8  9 10 11 12 13 14 15 16 17 18 19
  0  0  1  0  0  1  0  1  0  0  0  0  1  0  0  0  0  0  1  0
delete position 18
1 [ 2, 3 ) --> 1 [ 5, 6 ) --> 1 [ 7, 8 ) --> 1 [ 12, 13 ) --> NULL
  0  1  2  3  4  5  6  7  8  9 10 11 12 13 14 15 16 17 18 19
  0  0  1  0  0  1  0  1  0  0  0  0  1  0  0  0  0  0  0  0
print_using_get
  0  1  2  3  4  5  6  7  8  9 10 11 12 13 14 15 16 17 18 19
  0  0  1  0  0  1  0  1  0  0  0  0  1  0  0  0  0  0  0  0
delete position 7
delete position 2
delete position 12
delete position 5
NULL
  0  1  2  3  4  5  6  7  8  9 10 11 12 13 14 15 16 17 18 19
  0  0  0  0  0  0  0  0  0  0  0  0  0  0  0  0  0  0  0  0
print_using_get
  0  1  2  3  4  5  6  7  8  9 10 11 12 13 14 15 16 17 18 19
  0  0  0  0  0  0  0  0  0  0  0  0  0  0  0  0  0  0  0  0
